<?xml version="1.0"?>
<opencv_storage>
<pose type_id="opencv-matrix">
  <rows>4</rows>
  <cols>4</cols>
  <dt>d</dt>
  <data>
    9.7999524093773127e-01 1.9900299330622831e-01 2.6839688180247956e-03
    1.2762043669001819e+00 -1.9813944677421749e-01
    9.7429724736781687e-01 1.0717145079289185e-01
    -2.9437792149782882e-01 1.8712420085652104e-02
    -1.0555931454972343e-01 9.9423694149468056e-01
    -3.1118046984831754e-01 0. 0. 0. 1.</data></pose>
</opencv_storage>
