<?xml version="1.0"?>
<opencv_storage>
<pose type_id="opencv-matrix">
  <rows>4</rows>
  <cols>4</cols>
  <dt>d</dt>
  <data>
    9.8121048920686138e-01 1.9280094572837808e-01
    -7.3327282012920717e-03 1.0524177633315821e+00
    -1.9116640916544686e-01 9.7662848090297316e-01
    9.8245668824498825e-02 -2.3101041409499623e-01
    2.6103210212921578e-02 -9.4997909251873278e-02
    9.9513517627529435e-01 -3.2965850294828419e-01 0. 0. 0. 1.</data></pose>
</opencv_storage>
