<?xml version="1.0"?>
<opencv_storage>
<pose type_id="opencv-matrix">
  <rows>4</rows>
  <cols>4</cols>
  <dt>d</dt>
  <data>
    9.7926175532259752e-01 2.0173725286313432e-01
    -1.8670368290447513e-02 9.4218343023355211e-01
    -1.9901821216818782e-01 9.7510916052237462e-01
    9.7744468131838388e-02 -2.2348754919607416e-01
    3.7924307116192983e-02 -9.2001688203171547e-02
    9.9503640998111120e-01 -2.9119596541057674e-01 0. 0. 0. 1.</data></pose>
</opencv_storage>
