<?xml version="1.0"?>
<opencv_storage>
<camera type_id="opencv-matrix">
  <rows>3</rows>
  <cols>3</cols>
  <dt>d</dt>
  <data>
    3.2990085450000001e+03 0. 2.0611545409999999e+03 0.
    3.3048591310000002e+03 1.5755996090000001e+03 0. 0. 1.</data></camera>
<distortion type_id="opencv-matrix">
  <rows>4</rows>
  <cols>1</cols>
  <dt>d</dt>
  <data>
    3.0575799999999997e-01 -9.2123299999999997e-01
    1.0070000000000001e-03 8.0900000000000004e-04</data></distortion>
<image_size>
  4160 3120</image_size>
</opencv_storage>
