<?xml version="1.0"?>
<opencv_storage>
<pose type_id="opencv-matrix">
  <rows>4</rows>
  <cols>4</cols>
  <dt>d</dt>
  <data>
    1.2598740470525671e-02 -5.7816407014451832e-01
    -8.1582312229163079e-01 -2.0266098726563260e+00
    9.7940161894316446e-01 -1.5730202752241151e-01
    1.2660288880721859e-01 4.5235504775301372e-01
    -2.0152798238271807e-01 -8.0061359633517903e-01
    5.6427320310711226e-01 1.6599010547956456e+00 0. 0. 0. 1.</data></pose>
</opencv_storage>
