<?xml version="1.0"?>
<opencv_storage>
<pose type_id="opencv-matrix">
  <rows>4</rows>
  <cols>4</cols>
  <dt>d</dt>
  <data>
    -1.1031278009273615e-01 -4.2937967566337260e-01
    -8.9636155941263762e-01 -1.6514444405366824e+00
    9.4883536907277111e-01 -3.1397486962678200e-01
    3.3631214245252505e-02 1.0531590083162503e-02
    -2.9587563850708787e-01 -8.4678964938306178e-01
    4.4204618100705451e-01 1.4368043950924723e+00 0. 0. 0. 1.</data></pose>
</opencv_storage>
