<?xml version="1.0"?>
<opencv_storage>
<pose type_id="opencv-matrix">
  <rows>4</rows>
  <cols>4</cols>
  <dt>d</dt>
  <data>
    7.1858630274701518e-04 2.9382126986920998e-04 9.9999969865135041e-01
    -4.2003222263624640e-01 9.9999941725811470e-01
    8.0546711275919503e-04 -7.1882276398521627e-04
    9.9901490265305481e-02 -8.0567807545245396e-04
    9.9999963244583068e-01 -2.9324230101501758e-04
    7.5144205756329008e-01 0. 0. 0. 1.</data></pose>
</opencv_storage>
