<?xml version="1.0"?>
<opencv_storage>
<pose type_id="opencv-matrix">
  <rows>4</rows>
  <cols>4</cols>
  <dt>d</dt>
  <data>
    -1.3893709246315389e-04 8.9255891824824296e-04
    9.9999959201744837e-01 -4.2006335500930936e-01
    9.9999985277295900e-01 5.2467175007731015e-04 1.3846882805029770e-04
    1.9999472779258842e-01 -5.2454794443368424e-04
    9.9999946402892315e-01 -8.9263168320763420e-04
    7.5152646833847414e-01 0. 0. 0. 1.</data></pose>
</opencv_storage>
