<?xml version="1.0"?>
<opencv_storage>
<pose type_id="opencv-matrix">
  <rows>4</rows>
  <cols>4</cols>
  <dt>d</dt>
  <data>
    -1.0277859930233335e-03 8.7514988038189800e-04
    9.9999908888390365e-01 -4.1995122090378906e-01
    9.9999929136865751e-01 6.0166417838047881e-04 1.0272596543219326e-03
    2.9998249169422486e-01 -6.0076462402985920e-04
    9.9999943605629160e-01 -8.7576764223729064e-04
    5.5152365593577635e-01 0. 0. 0. 1.</data></pose>
</opencv_storage>
