header: 
  seq: 5
  stamp: 
    secs: 1656555325
    nsecs: 616757937
  frame_id: "a/stereo_pair/left_optical_frame"
height: 2056
width: 2464
distortion_model: "plumb_bob"
D: [0.0, 0.0, 0.0, 0.0, 0.0]
K: [1492.5087505136016, 0.0, 1232.6503601074219, 0.0, 1492.5087505136016, 1054.7618789672852, 0.0, 0.0, 1.0]
R: [0.0, 0.0, 0.0, 0.0, 0.0, 0.0, 0.0, 0.0, 0.0]
P: [1492.5087505136016, 0.0, 1232.6503601074219, 0.0, 0.0, 1492.5087505136016, 1054.7618789672852, 0.0, 0.0, 0.0, 1.0, 0.0]
binning_x: 0
binning_y: 0
roi: 
  x_offset: 0
  y_offset: 0
  height: 0
  width: 0
  do_rectify: False